2	106	4.85
2	33	0.04
2	143	9.16
2	61	1.61
2	161	4.94
2	40	0.71
2	103	1.61
2	102	0.76
2	45	5.76
2	158	7.26
2	75	1.37
2	42	4.08
2	84	1.02
2	140	1.02
2	69	8.78
2	107	9.4
2	138	3.11
2	41	4.88
2	112	1.56
2	199	8.12
2	176	1.26
2	119	4.19
2	144	5.33
2	148	7.67
2	194	1.18
3	160	2.3
3	99	0.5
3	195	1.89
3	109	5.02
3	198	9.81
3	83	3.76
3	135	4.49
3	183	5.58
3	36	6.32
3	153	1.74
3	124	6.16
3	52	5.92
3	70	6.76
3	93	0.44
3	5	3.14
3	19	9.79
3	169	0.85
3	146	2.76
3	88	0.93
3	30	9.92
3	71	7.53
3	154	4.37
3	139	4.15
3	91	5.39
3	11	5.47
3	148	0.14
3	58	5.59
3	126	7.78
3	20	8.3
3	199	3.72
4	145	4.25
4	186	9.51
4	200	0.2
4	190	0.19
4	68	9.76
4	25	5.68
4	78	7.65
4	183	1.71
4	133	1.37
4	99	4.32
4	59	8.94
4	152	0.91
4	189	9.75
4	93	2.58
4	180	9.94
4	7	4.86
4	105	3.61
4	103	9.43
4	136	6.37
4	132	4.83
4	131	8.83
4	21	9.84
4	169	2.45
4	60	3.01
5	30	7.25
5	62	3.79
5	83	6.68
5	198	6.55
5	64	2.95
5	196	5.33
5	11	3.3
5	171	6.82
5	154	7.64
5	87	0.19
5	105	5.98
5	40	2.74
5	29	8.6
5	130	6.27
5	101	1.81
5	157	9.62
5	109	8.1
5	143	4.94
5	133	8.02
5	167	4.38
6	54	8.22
6	99	7.45
6	21	4.55
6	128	9.72
6	158	2.63
6	174	7.01
6	12	1.03
6	143	3.91
6	142	2.27
6	127	6.59
6	36	7.45
6	56	5.55
6	170	9.36
6	52	3.12
6	167	2.01
6	27	4.31
6	46	6.96
6	101	2.79
6	30	8.45
6	20	9.3
6	38	4.63
6	22	4.32
6	71	2.46
6	83	6.31
7	178	2.63
7	63	8.9
7	27	1.07
7	66	9.91
7	169	9.51
7	124	3.96
7	56	4.25
7	148	3.67
7	45	3.74
7	74	9.69
7	167	6.43
7	84	9.34
7	60	8.44
7	71	2.77
7	49	6.93
7	75	8.56
7	104	5.46
7	142	9.6
7	19	4.29
7	157	1.57
7	131	4.08
8	197	8.27
8	35	3.85
8	100	6.08
8	75	4.52
8	144	4.63
8	115	0.75
8	11	7.11
8	18	6.9
8	154	4.64
8	30	2.27
8	55	1.87
8	187	6.38
8	98	7.81
8	101	5.18
8	138	0.09
8	104	6.05
8	46	9.55
8	128	7.89
8	50	7.16
8	114	5.42
8	119	8.79
8	146	1.91
8	178	8.64
8	95	3.4
8	69	9.47
8	133	8.85
8	83	7.41
8	53	2.54
9	135	4.92
9	152	3.51
9	122	5.93
9	120	1.65
9	93	9.64
9	159	8.27
9	106	0.06
9	136	4.1
9	48	2.23
9	130	2.41
9	39	3.76
9	150	8.27
9	40	3.87
9	80	5.75
9	137	8.22
9	11	6.46
9	97	0.86
9	170	8.18
9	175	3.5
9	186	1.91
9	128	4.38
9	65	3.02
9	131	6.16
9	14	5.68
10	68	4.49
10	13	4.4
10	158	5.27
10	110	4.77
10	57	6.63
10	154	6.11
10	181	6.49
10	60	6.1
10	130	8.21
10	49	8.15
10	170	4.4
10	109	0.08
10	96	1.79
10	175	5.3
10	63	2.23
10	43	2.73
10	38	6.36
10	104	7.58
10	197	2.73
10	146	5.82
10	50	6.38
11	144	1.09
11	91	2.31
11	116	6.51
11	32	8.9
11	40	1.89
11	119	5.32
11	197	6.91
11	118	3.09
11	64	8.35
11	172	3.18
11	125	1.32
11	74	0.35
11	179	5.1
11	44	5.85
11	80	9.22
11	159	6.45
11	90	9.29
11	109	8.73
11	158	7.76
11	105	8.06
11	57	3.4
12	173	0.69
12	131	3.67
12	132	1.77
12	39	9.9
12	94	2.78
12	118	4.79
12	186	1.28
12	114	1.42
12	160	6.44
12	191	3.37
12	120	9.95
12	169	2.65
12	187	3.07
12	178	5.76
12	155	1.59
12	56	4.56
12	156	7.63
12	183	6.98
12	194	8.7
12	50	2.33
12	43	5.69
13	167	4.53
13	176	1.65
13	191	5.16
13	73	1.54
13	82	0.24
13	110	5.3
13	66	6.76
13	46	0.83
13	146	1.26
13	19	0.63
13	47	7.22
13	182	5.52
13	34	1.62
13	96	2.54
13	95	2.8
13	74	9.08
13	188	4.97
13	45	3.08
13	140	8.3
13	134	4.74
13	132	3.51
13	172	0.87
13	145	6.22
13	181	7.2
13	122	0.79
13	133	9.71
13	163	4.8
13	94	9.24
13	136	4.44
14	115	9.82
14	52	9.4
14	132	2.46
14	27	5.08
14	141	4.84
14	121	1.59
14	156	8.45
14	175	2.08
14	142	9.83
14	100	1.84
14	150	8.02
14	124	1.64
14	162	1.23
14	97	7.18
14	134	7.35
14	88	1.7
14	170	0.62
14	21	6.88
14	26	7.68
14	69	8.81
14	180	2.53
14	154	1.18
14	42	6.93
14	91	5.71
14	123	1.24
14	106	8.27
14	25	2.13
14	93	7.5
15	28	5.3
15	149	4.6
15	57	8.41
15	128	5.07
15	104	1.2
15	53	4.05
15	18	8.46
15	124	8.71
15	167	1.78
15	199	9.92
15	174	8.05
15	45	3.37
15	64	6.99
15	70	0.72
15	36	3.74
15	50	4.5
15	110	4.68
15	88	7.09
15	93	3.15
15	144	7.75
15	140	1.05
15	196	6.24
15	102	8.01
15	187	1.97
15	117	2.59
15	81	8.43
15	73	7.88
15	127	0.76
15	34	2.76
15	137	2.32
16	105	8.3
16	119	8.54
16	93	9.84
16	131	6.21
16	127	4.59
16	34	8.52
16	27	9.72
16	128	6.66
16	172	4.92
16	58	4.28
16	192	9.94
16	148	4.44
16	174	2.99
16	120	2.95
16	72	0.85
16	78	2.88
16	65	3.72
16	136	2.85
16	94	6.36
16	57	5.08
16	194	4.93
16	86	6.44
16	96	8.46
17	145	0.93
17	56	9.9
17	91	1.03
17	112	9.92
17	163	1.46
17	136	6.59
17	169	4.96
17	46	0.45
17	64	2.99
17	152	3.18
17	192	0.31
17	66	2.86
17	134	2.8
17	128	9.76
17	31	3.52
17	63	3.86
17	51	2.63
17	39	1.81
17	157	4.35
17	98	2.41
17	87	9.43
18	87	6.7
18	96	0.85
18	127	2.4
18	196	6.08
18	76	8.65
18	41	3.58
18	190	8.55
18	25	3.06
18	172	2.7
18	81	3.34
18	52	0.99
18	151	8.07
18	142	6.18
18	33	4.45
18	115	9.85
18	116	2.4
18	20	4.34
18	72	2.89
18	140	6.37
18	59	5.16
18	37	5.09
19	61	8.85
19	177	0.82
19	30	9.03
19	145	4.27
19	196	9.54
19	136	3.42
19	38	0.73
19	93	8.23
19	163	9.55
19	76	3.93
19	67	9.38
19	171	2.31
19	24	1.36
19	82	9.44
19	42	9.21
19	39	5.66
19	95	5.2
19	189	8.86
19	122	7.39
19	63	4.79
19	157	4.58
19	150	7.0
20	31	9.39
20	118	5.32
20	179	8.23
20	95	7.08
20	45	7.87
20	125	1.39
20	32	2.63
20	111	6.09
20	99	8.55
20	190	9.64
20	62	0.91
20	72	5.61
20	139	1.31
20	150	2.17
20	147	5.08
20	89	0.99
20	120	8.91
20	71	1.45
20	102	8.99
20	50	6.38
20	97	0.16
20	142	6.25
20	160	1.08
20	26	1.56
20	47	3.97
20	84	9.05
20	56	4.75
20	162	3.17
21	34	6.78
21	195	3.41
21	152	1.29
21	141	0.23
21	33	4.37
21	23	5.67
21	65	1.74
21	105	3.35
21	148	5.46
21	39	6.81
21	115	1.76
21	68	1.33
21	109	7.8
21	194	0.09
21	26	3.14
21	183	5.25
21	196	9.4
21	86	6.74
21	184	2.24
21	90	3.98
21	150	7.02
21	163	4.44
21	187	5.29
21	82	4.5
21	110	8.09
21	55	5.61
21	102	5.32
22	53	5.73
22	138	2.78
22	33	4.72
22	180	8.48
22	198	9.58
22	152	7.64
22	115	7.18
22	51	0.63
22	182	4.92
22	92	1.18
22	87	1.97
22	48	4.55
22	121	1.73
22	89	5.68
22	26	5.57
22	194	0.88
22	145	1.96
22	116	4.15
22	29	2.34
22	142	8.45
22	154	6.07
22	102	1.19
22	128	4.82
22	80	8.79
22	37	3.6
22	94	4.59
22	62	5.66
23	136	2.78
23	54	1.41
23	113	3.14
23	69	2.6
23	196	9.86
23	112	0.29
23	45	2.85
23	174	0.52
23	90	8.09
23	160	0.87
23	140	0.56
23	74	4.27
23	128	2.07
23	56	9.6
23	62	7.48
23	43	7.51
23	186	0.68
23	50	6.79
23	188	6.27
23	40	0.57
23	173	10.0
24	110	7.89
24	78	1.09
24	124	0.2
24	199	7.86
24	135	6.56
24	109	7.29
24	186	0.76
24	173	3.52
24	79	1.39
24	26	0.61
24	175	7.29
24	55	7.97
24	169	8.2
24	35	9.64
24	89	2.09
24	73	7.14
24	139	4.73
24	86	1.04
24	95	5.85
24	53	4.84
24	52	2.82
25	117	1.25
25	146	0.1
25	128	8.5
25	187	3.55
25	192	7.06
25	113	2.18
25	90	9.28
25	131	0.13
25	103	9.74
25	139	1.87
25	92	6.01
25	160	5.76
25	111	9.15
25	190	4.5
25	140	0.05
25	183	4.76
25	116	9.53
25	48	5.91
25	198	9.71
25	97	8.45
26	51	1.95
26	82	1.86
26	96	3.47
26	164	1.98
26	154	8.53
26	40	0.47
26	72	9.93
26	129	5.91
26	95	2.86
26	184	1.23
26	163	5.37
26	124	9.0
26	197	2.83
26	114	2.3
26	170	8.64
26	132	7.73
26	67	6.2
26	192	5.14
26	43	8.83
26	116	7.33
26	60	3.75
26	78	7.68
26	53	0.6
26	191	5.35
26	77	5.1
26	65	7.99
26	127	4.95
27	33	2.33
27	174	0.81
27	87	4.82
27	82	7.68
27	123	4.11
27	94	3.15
27	75	2.82
27	184	7.58
27	147	7.78
27	93	9.64
27	54	1.09
27	144	2.95
27	65	8.61
27	115	9.23
27	50	5.05
27	111	4.83
27	198	6.34
27	187	1.37
27	133	5.58
27	180	5.18
27	117	6.48
27	178	0.12
28	121	1.96
28	41	4.42
28	197	3.93
28	87	7.35
28	103	1.99
28	127	0.16
28	125	1.99
28	67	5.71
28	53	4.56
28	137	4.17
28	104	3.85
28	163	4.51
28	182	3.41
28	45	9.89
28	167	9.56
28	63	5.02
28	129	4.75
28	59	9.68
28	92	2.7
28	55	3.84
28	34	4.78
28	123	5.5
28	181	8.08
28	90	9.62
28	106	8.58
28	177	8.56
28	61	2.16
29	58	9.17
29	50	9.27
29	91	2.84
29	178	3.73
29	54	2.84
29	75	5.8
29	41	9.59
29	159	3.43
29	45	3.2
29	190	2.33
29	168	0.05
29	79	2.95
29	40	1.34
29	127	5.46
29	73	3.91
29	149	0.68
29	138	5.76
29	193	0.53
29	33	2.29
29	179	3.59
29	67	4.84
29	84	9.63
29	165	1.18
29	70	2.62
29	111	8.56
29	141	3.03
30	192	7.98
30	89	2.8
30	95	8.85
30	184	3.15
30	72	9.22
30	45	3.28
30	168	5.68
30	183	4.11
30	149	7.49
30	182	0.2
30	189	4.04
30	88	3.56
30	156	5.55
30	151	0.54
30	190	0.12
30	73	4.9
30	180	5.69
30	125	1.84
30	144	2.61
30	135	9.14
30	127	9.33
30	172	2.29
30	140	6.56
30	93	0.24
30	195	9.01
30	109	7.71
30	118	3.69
30	161	6.08
30	162	7.33
31	63	8.35
31	120	2.1
31	158	7.91
31	151	1.04
31	35	9.85
31	42	4.98
31	96	3.9
31	179	7.72
31	188	3.53
31	50	0.76
31	182	7.34
31	133	8.87
31	43	3.49
31	191	9.2
31	114	7.47
31	187	7.48
31	192	1.46
31	128	7.25
31	165	1.11
31	54	8.45
31	100	9.94
32	78	3.96
32	166	1.24
32	153	3.25
32	101	9.19
32	103	2.98
32	66	9.47
32	80	0.91
32	182	7.81
32	53	9.42
32	121	2.2
32	168	2.05
32	155	5.08
32	197	9.25
32	131	0.45
32	170	1.05
32	34	8.88
32	157	0.9
32	59	0.73
32	40	2.38
32	190	6.25
32	114	2.15
32	135	5.62
32	122	2.5
32	49	1.75
32	173	7.36
32	161	9.9
32	56	3.32
32	185	5.78
33	71	4.88
33	142	4.66
33	176	3.41
33	58	6.14
33	125	3.99
33	75	0.33
33	108	9.12
33	114	4.88
33	101	6.15
33	194	1.52
33	124	7.06
33	42	5.11
33	64	3.13
33	149	6.21
33	65	7.94
33	91	4.73
33	105	4.35
33	154	0.75
33	171	5.46
33	192	6.36
33	186	3.19
33	77	3.1
33	130	8.72
34	160	4.45
34	84	7.75
34	88	6.41
34	197	5.3
34	167	6.75
34	58	6.05
34	169	6.43
34	96	7.24
34	177	9.86
34	143	0.91
34	189	8.41
34	103	8.07
34	105	9.3
34	149	6.9
34	44	0.15
34	83	7.99
34	163	5.49
34	130	1.26
34	101	6.34
34	158	3.9
34	112	1.0
34	82	3.89
34	186	5.67
34	41	3.01
34	70	8.21
34	49	7.33
34	57	0.07
34	51	2.67
35	73	5.79
35	113	7.27
35	53	0.64
35	136	9.67
35	118	2.7
35	140	4.53
35	152	1.39
35	189	3.91
35	75	2.64
35	44	4.96
35	110	2.26
35	51	0.11
35	158	0.34
35	130	6.72
35	36	8.32
35	153	9.46
35	56	2.62
35	100	0.24
35	186	8.66
35	124	8.6
35	116	1.1
35	74	3.21
35	89	3.96
35	132	0.78
35	64	9.82
35	149	5.96
35	188	8.57
36	39	2.18
36	105	6.17
36	136	8.6
36	146	1.48
36	80	1.48
36	83	3.61
36	68	6.63
36	37	9.05
36	142	0.96
36	52	0.65
36	177	9.67
36	138	2.04
36	172	3.99
36	98	7.66
36	49	1.15
36	175	4.61
36	64	9.16
36	131	2.68
36	123	3.52
36	117	2.29
36	167	3.55
36	110	5.98
36	41	0.39
36	145	0.72
37	71	9.07
37	130	8.53
37	88	5.08
37	190	9.23
37	193	7.71
37	118	6.85
37	127	7.71
37	194	8.29
37	107	5.33
37	99	9.58
37	173	4.52
37	142	4.76
37	139	2.15
37	55	3.33
37	189	8.15
37	40	1.62
37	154	5.09
37	145	5.89
37	63	5.62
37	75	3.13
37	48	5.49
38	93	1.91
38	195	2.05
38	165	6.65
38	75	2.07
38	178	3.03
38	125	5.22
38	54	8.35
38	50	1.52
38	185	8.87
38	179	1.86
38	107	1.78
38	92	9.43
38	188	4.5
38	82	0.39
38	116	6.23
38	163	8.3
38	151	2.98
38	130	3.5
38	182	9.66
38	124	6.77
38	123	9.05
38	60	3.51
38	127	3.33
38	187	3.39
38	167	5.91
38	51	2.25
38	94	0.72
38	109	2.62
38	136	1.19
38	194	3.52
39	117	9.09
39	178	5.65
39	197	1.3
39	113	6.73
39	162	9.24
39	99	4.66
39	148	9.01
39	141	0.28
39	105	6.19
39	69	1.49
39	155	0.43
39	46	9.47
39	192	7.13
39	47	1.99
39	150	5.58
39	80	2.85
39	41	5.36
39	138	6.83
39	45	1.95
39	181	1.73
39	139	5.02
39	73	8.55
39	72	6.23
39	198	6.8
39	40	8.51
40	45	6.54
40	107	1.02
40	67	1.15
40	98	0.39
40	187	4.94
40	120	4.51
40	192	9.41
40	155	5.13
40	166	8.78
40	191	7.81
40	113	3.33
40	112	2.89
40	121	5.93
40	164	8.83
40	170	6.41
40	79	7.41
40	175	2.21
40	185	8.79
40	82	0.49
40	150	4.66
40	65	4.79
40	42	9.87
40	129	6.27
40	48	4.74
40	62	6.41
40	83	8.39
40	109	4.39
41	49	9.67
41	130	9.79
41	109	6.52
41	162	8.0
41	83	2.22
41	180	8.91
41	173	9.61
41	60	7.23
41	96	9.3
41	93	9.32
41	164	4.87
41	134	9.18
41	53	7.15
41	168	1.61
41	75	0.21
41	163	9.85
41	156	2.45
41	158	3.54
41	52	0.51
41	106	9.13
41	184	3.44
41	129	2.92
41	112	5.45
41	178	0.38
41	176	0.83
41	79	6.72
41	197	5.5
41	166	3.13
41	111	3.29
42	154	5.69
42	124	5.97
42	161	5.31
42	165	6.92
42	83	4.94
42	61	1.09
42	157	2.09
42	191	1.68
42	80	4.63
42	123	4.36
42	167	9.01
42	112	4.02
42	143	6.63
42	46	6.91
42	137	9.16
42	170	7.15
42	82	7.7
42	175	7.08
42	86	4.06
42	59	0.5
43	50	3.24
43	121	1.6
43	162	4.77
43	131	7.62
43	70	4.9
43	175	5.93
43	151	2.52
43	113	1.55
43	48	3.73
43	129	3.91
43	184	9.4
43	44	4.32
43	144	8.23
43	66	3.47
43	115	3.95
43	170	0.54
43	173	5.57
43	92	9.48
43	80	9.24
43	68	8.98
43	165	3.57
43	45	5.58
43	180	5.44
43	146	1.62
43	105	3.07
43	145	7.59
44	174	1.79
44	111	8.28
44	54	8.61
44	183	3.17
44	71	7.73
44	140	0.69
44	73	8.86
44	130	1.65
44	172	2.61
44	133	6.84
44	153	2.63
44	76	5.28
44	178	0.92
44	199	1.95
44	192	8.53
44	50	2.2
44	125	8.16
44	121	3.43
44	103	0.23
44	149	1.52
44	177	8.76
44	158	5.69
44	57	9.62
44	96	2.96
44	95	3.77
44	55	8.2
44	86	0.19
44	159	9.76
44	162	7.16
45	48	8.42
45	83	5.64
45	125	8.34
45	137	2.57
45	183	8.78
45	82	8.91
45	132	7.42
45	98	8.34
45	96	1.66
45	52	5.66
45	191	6.71
45	94	1.41
45	150	1.23
45	103	6.71
45	148	4.9
45	180	8.32
45	100	5.2
45	112	7.71
45	102	1.17
45	127	2.67
45	182	0.86
45	54	5.6
45	184	6.89
46	158	8.08
46	153	6.51
46	71	1.27
46	175	7.67
46	49	3.41
46	135	9.47
46	195	0.83
46	128	1.68
46	152	5.42
46	109	8.68
46	140	0.59
46	161	6.06
46	107	7.96
46	172	5.12
46	116	0.61
46	77	0.08
46	189	0.3
46	70	9.34
46	114	5.95
46	47	6.33
46	54	3.06
46	105	1.45
46	97	7.57
46	198	6.11
46	183	8.47
46	151	3.6
47	194	3.64
47	119	5.35
47	90	7.9
47	178	8.74
47	116	9.25
47	81	3.31
47	143	5.63
47	74	2.77
47	60	2.54
47	91	5.67
47	137	4.69
47	80	4.44
47	122	8.75
47	167	8.76
47	82	6.52
47	66	3.44
47	58	9.21
47	97	9.51
47	70	2.11
47	181	6.74
47	56	1.59
47	146	7.57
47	129	1.21
47	111	6.67
47	184	8.23
47	196	5.43
48	131	9.96
48	173	3.11
48	120	9.66
48	136	3.01
48	101	8.23
48	61	4.17
48	147	6.97
48	134	6.11
48	102	2.25
48	89	0.59
48	72	0.47
48	193	3.68
48	161	3.24
48	59	1.07
48	190	0.67
48	92	4.91
48	94	4.4
48	123	6.34
48	184	4.99
48	171	3.16
48	96	8.08
48	76	4.85
48	194	6.86
49	194	9.12
49	157	9.41
49	81	6.14
49	56	8.65
49	84	6.82
49	196	5.23
49	162	7.25
49	165	2.89
49	92	4.43
49	159	5.97
49	131	7.6
49	132	3.05
49	164	7.21
49	60	5.27
49	108	6.1
49	192	2.78
49	173	2.24
49	172	0.51
49	102	1.14
49	148	1.03
49	144	5.44
49	198	5.18
49	97	6.05
49	64	7.7
50	142	6.0
50	117	7.79
50	99	5.82
50	156	3.94
50	119	3.59
50	193	8.69
50	146	8.34
50	77	2.98
50	60	5.77
50	90	3.7
50	114	8.14
50	127	9.75
50	125	9.65
50	169	1.61
50	189	0.63
50	54	6.31
50	95	0.56
50	62	5.03
50	199	8.22
50	120	5.74
50	72	3.7
50	178	2.9
50	66	4.0
50	111	2.18
51	90	7.91
51	57	5.64
51	92	0.58
51	93	8.47
51	126	8.71
51	136	5.78
51	141	5.12
51	176	6.69
51	158	3.04
51	162	7.06
51	172	4.24
51	100	7.78
51	177	8.63
51	125	2.93
51	173	6.78
51	150	2.79
51	148	9.44
51	61	9.06
51	74	1.18
51	112	3.75
51	187	6.97
51	116	5.63
51	174	3.88
51	104	4.28
51	86	9.64
51	120	2.8
52	118	2.51
52	92	5.21
52	187	8.44
52	200	4.55
52	197	7.72
52	76	1.87
52	185	6.47
52	111	8.81
52	66	2.29
52	73	3.23
52	108	7.64
52	168	0.08
52	130	0.58
52	60	1.19
52	70	6.73
52	190	3.71
52	135	8.63
52	62	8.99
52	192	3.36
52	84	5.26
52	69	9.32
52	144	9.07
52	72	2.45
52	65	8.18
53	141	2.0
53	98	3.54
53	183	1.97
53	185	9.73
53	92	0.66
53	84	5.99
53	130	9.26
53	90	5.71
53	173	8.1
53	186	4.33
53	61	4.87
53	129	4.99
53	187	6.84
53	120	2.08
53	156	2.41
53	121	9.89
53	149	1.63
53	109	8.89
53	191	9.74
53	144	9.58
53	66	3.13
53	139	4.52
53	103	8.67
53	119	4.36
53	176	3.41
53	107	0.33
53	132	3.53
53	140	6.54
53	94	0.79
53	78	8.77
54	69	4.29
54	181	2.39
54	127	9.09
54	198	5.46
54	176	4.05
54	135	5.2
54	180	0.93
54	187	1.52
54	122	9.99
54	64	8.3
54	92	1.4
54	107	1.84
54	124	8.0
54	97	5.54
54	155	7.57
54	154	1.07
54	91	5.03
54	72	8.07
54	57	3.59
54	141	2.84
54	109	6.79
54	179	0.85
54	111	7.83
54	151	7.59
54	58	0.99
54	165	9.03
54	182	9.35
54	169	8.43
54	128	3.04
54	192	1.04
55	120	6.45
55	191	5.19
55	153	5.21
55	107	5.62
55	162	7.02
55	95	3.09
55	174	7.12
55	105	8.19
55	79	0.2
55	189	5.02
55	118	5.44
55	178	7.53
55	190	6.7
55	75	6.99
55	110	4.65
55	186	2.67
55	58	4.25
55	96	5.97
55	150	9.59
55	185	9.48
55	157	8.3
55	196	7.34
55	200	6.2
56	192	7.54
56	101	5.95
56	130	0.24
56	103	1.61
56	62	2.89
56	78	6.35
56	139	5.33
56	153	1.72
56	128	6.22
56	98	6.2
56	102	5.22
56	172	1.05
56	75	9.35
56	68	1.36
56	169	7.16
56	167	8.62
56	142	5.59
56	108	6.74
56	89	9.69
56	147	5.3
56	119	5.79
56	145	7.85
56	123	1.9
56	116	7.88
57	154	3.67
57	171	9.27
57	131	9.96
57	80	7.34
57	148	5.82
57	193	2.14
57	74	0.99
57	158	9.32
57	92	2.77
57	145	0.75
57	60	5.09
57	139	3.57
57	143	7.84
57	87	3.9
57	157	7.26
57	59	4.98
57	76	1.76
57	66	8.78
57	77	3.17
57	164	1.49
57	61	1.06
57	125	3.46
57	186	3.12
57	73	7.28
57	185	6.33
57	194	5.08
57	153	7.19
57	138	6.96
57	95	2.39
57	128	1.45
58	99	9.28
58	121	4.39
58	152	5.17
58	181	8.67
58	154	5.76
58	146	4.47
58	68	4.94
58	139	6.86
58	172	3.32
58	106	2.09
58	183	5.88
58	197	9.52
58	71	9.95
58	196	9.59
58	180	4.39
58	186	6.3
58	145	8.65
58	162	7.93
58	70	1.56
58	125	6.96
58	113	4.99
58	175	0.83
58	92	7.3
59	191	5.67
59	172	1.66
59	184	4.94
59	163	1.81
59	136	7.14
59	189	8.41
59	124	1.82
59	193	2.67
59	95	3.78
59	167	8.39
59	111	9.18
59	66	2.7
59	143	0.95
59	171	1.17
59	75	9.03
59	61	4.02
59	137	4.32
59	76	0.93
59	88	8.57
59	154	6.59
59	73	5.16
59	192	3.31
59	153	7.31
60	125	4.82
60	168	6.55
60	101	7.92
60	152	1.2
60	170	9.4
60	120	6.93
60	153	5.18
60	105	1.95
60	180	6.33
60	103	4.13
60	150	1.18
60	65	0.78
60	80	7.22
60	126	6.44
60	161	8.4
60	124	8.67
60	194	4.78
60	182	8.6
60	109	0.09
60	143	1.55
60	128	6.39
60	195	9.14
60	82	9.41
60	100	2.56
60	61	9.09
60	84	4.38
60	167	7.12
60	133	6.31
60	139	0.72
60	99	2.39
61	134	9.18
61	103	9.69
61	168	7.59
61	101	5.47
61	129	1.76
61	178	6.79
61	177	5.98
61	180	8.09
61	108	7.11
61	142	2.26
61	105	6.6
61	91	8.92
61	192	4.64
61	96	7.58
61	151	8.35
61	65	7.49
61	193	6.44
61	107	7.2
61	185	5.05
61	166	3.11
61	131	8.81
61	160	8.82
61	174	5.31
61	113	1.94
61	170	3.3
62	197	3.91
62	143	8.19
62	199	4.29
62	189	2.65
62	84	1.78
62	69	1.6
62	174	2.06
62	113	1.78
62	120	7.16
62	88	8.42
62	180	3.71
62	125	9.31
62	63	0.27
62	144	7.05
62	119	0.99
62	102	7.6
62	183	2.58
62	131	1.07
62	128	4.5
62	133	5.82
62	116	7.71
62	67	6.36
62	166	4.59
62	75	5.24
62	152	9.89
63	82	4.24
63	150	3.91
63	197	4.61
63	67	8.23
63	81	5.01
63	79	9.03
63	179	4.77
63	88	2.63
63	193	7.75
63	105	3.05
63	187	2.04
63	98	5.61
63	114	5.83
63	85	6.15
63	175	9.48
63	149	4.06
63	144	1.35
63	111	0.16
63	162	4.61
63	137	7.43
63	74	0.53
63	178	9.07
63	143	5.37
63	163	5.78
64	94	6.65
64	194	0.31
64	172	9.74
64	182	8.73
64	152	5.48
64	176	3.77
64	88	7.42
64	142	3.57
64	173	9.46
64	162	3.15
64	170	4.49
64	136	3.13
64	145	9.38
64	157	5.8
64	160	7.45
64	143	2.6
64	147	6.87
64	75	6.54
64	92	6.35
64	79	7.12
64	98	0.33
64	108	6.84
64	144	8.11
64	139	7.15
64	99	7.71
64	74	4.72
64	148	3.98
65	116	2.99
65	170	7.16
65	77	6.69
65	175	0.88
65	88	0.88
65	68	0.15
65	185	1.26
65	105	6.16
65	67	4.88
65	192	3.13
65	138	9.06
65	177	0.77
65	174	3.48
65	100	4.06
65	85	0.59
65	142	4.29
65	121	0.19
65	193	8.34
65	158	5.61
65	70	3.62
65	191	3.72
65	165	0.41
66	128	1.16
66	196	2.11
66	132	8.05
66	93	2.11
66	90	7.66
66	88	8.42
66	70	4.42
66	107	2.28
66	188	3.51
66	165	8.59
66	98	0.23
66	77	5.79
66	122	8.31
66	73	5.54
66	119	7.26
66	167	4.47
66	194	0.08
66	105	1.47
66	96	2.97
66	155	2.16
66	178	0.93
66	151	7.2
66	181	1.33
66	191	1.5
66	198	5.62
66	86	4.39
66	94	0.21
66	123	3.75
67	107	8.21
67	180	2.81
67	170	8.74
67	182	8.47
67	198	8.01
67	72	5.04
67	104	7.78
67	181	3.0
67	76	3.77
67	68	6.98
67	88	6.47
67	77	3.69
67	116	6.95
67	163	6.19
67	176	8.44
67	186	1.31
67	70	2.81
67	147	9.18
67	98	6.96
67	156	3.17
67	108	4.31
67	87	4.09
68	75	2.88
68	136	6.88
68	159	9.63
68	133	2.21
68	142	0.74
68	114	4.75
68	147	8.71
68	190	0.0
68	77	4.24
68	130	2.82
68	149	4.08
68	196	8.24
68	101	2.82
68	126	1.0
68	162	1.32
68	89	6.3
68	86	5.79
68	165	7.71
68	125	1.46
68	168	6.55
68	119	7.91
68	134	7.26
68	185	7.12
68	76	5.46
68	120	5.48
68	183	8.21
69	87	4.22
69	168	8.14
69	70	6.84
69	107	9.29
69	72	3.8
69	162	6.75
69	177	3.23
69	191	0.66
69	82	1.89
69	186	5.79
69	95	7.96
69	149	9.6
69	129	3.13
69	187	1.66
69	164	8.76
69	175	3.54
69	122	4.23
69	181	6.51
69	148	4.15
69	89	2.2
69	109	1.06
69	92	1.5
69	131	8.36
69	120	8.89
69	143	0.54
69	100	1.05
69	88	7.85
69	133	4.64
70	126	8.8
70	129	0.78
70	73	0.8
70	76	1.03
70	123	8.76
70	105	1.83
70	101	6.2
70	139	9.76
70	165	1.88
70	100	8.46
70	132	0.39
70	198	5.32
70	133	1.39
70	199	1.95
70	160	2.42
70	177	3.15
70	108	9.01
70	191	2.89
70	143	4.21
70	147	3.15
70	193	2.02
70	163	7.99
70	138	5.09
70	183	8.67
71	74	7.56
71	167	0.77
71	185	9.72
71	87	2.54
71	123	0.78
71	165	6.12
71	125	5.31
71	117	7.74
71	195	3.7
71	106	8.36
71	131	1.44
71	139	4.38
71	160	1.49
71	150	2.71
71	141	7.56
71	175	3.6
71	140	2.52
71	126	2.55
71	137	6.41
71	189	1.82
71	96	3.35
71	72	4.99
71	115	2.13
71	159	3.7
71	81	8.63
71	171	6.06
71	99	7.15
72	76	1.28
72	85	9.69
72	117	1.71
72	170	8.25
72	138	7.05
72	191	5.9
72	131	1.62
72	110	8.06
72	73	5.69
72	116	1.28
72	119	0.3
72	198	9.78
72	94	5.83
72	83	5.75
72	79	4.49
72	181	4.91
72	111	6.01
72	165	3.5
72	145	8.82
72	195	6.49
72	115	9.3
72	162	4.54
73	127	5.6
73	103	3.24
73	141	9.16
73	184	1.18
73	181	7.9
73	90	8.33
73	123	7.31
73	129	6.87
73	139	8.2
73	98	9.02
73	197	8.6
73	96	2.62
73	94	2.16
73	155	4.65
73	124	7.16
73	104	7.42
73	187	2.77
73	164	9.31
73	188	4.53
73	119	0.28
73	110	2.86
73	177	4.54
73	168	2.41
73	131	2.09
73	167	3.55
74	114	4.64
74	164	0.25
74	110	2.92
74	191	8.41
74	138	4.74
74	181	7.65
74	130	2.01
74	157	4.0
74	103	1.24
74	160	4.84
74	165	4.76
74	158	9.66
74	96	4.43
74	149	5.6
74	78	8.54
74	89	6.67
74	142	6.1
74	139	4.3
74	184	5.76
74	169	6.94
74	168	8.94
74	167	2.67
74	95	2.47
74	112	8.28
74	79	2.59
74	185	3.73
74	162	5.34
74	134	9.52
74	199	2.89
75	177	5.05
75	146	8.29
75	155	4.66
75	144	6.57
75	180	2.19
75	193	0.26
75	90	2.92
75	191	6.91
75	158	6.75
75	124	8.23
75	100	0.03
75	94	8.37
75	194	7.11
75	107	1.01
75	91	8.02
75	77	0.3
75	111	4.52
75	139	9.56
75	79	5.51
75	151	0.79
75	171	1.93
75	108	9.9
75	179	7.92
76	190	4.25
76	174	9.45
76	104	6.68
76	159	8.36
76	82	3.8
76	93	2.76
76	199	0.3
76	160	2.01
76	135	0.15
76	191	3.01
76	112	8.56
76	113	3.1
76	166	0.88
76	193	9.77
76	97	3.54
76	86	5.88
76	178	0.63
76	106	2.46
76	80	7.05
76	168	0.76
76	95	0.23
76	96	1.13
77	109	7.44
77	120	6.68
77	96	9.87
77	191	3.47
77	142	8.39
77	119	9.0
77	141	0.21
77	83	1.74
77	155	1.99
77	80	6.82
77	150	0.84
77	117	2.87
77	197	1.87
77	111	5.39
77	123	5.11
77	153	5.24
77	156	6.08
77	108	7.39
77	147	4.38
77	126	8.22
77	88	5.27
78	131	9.17
78	199	8.59
78	132	6.18
78	84	4.95
78	134	4.17
78	102	3.04
78	184	3.56
78	168	8.08
78	142	0.11
78	183	5.95
78	100	5.27
78	195	0.18
78	182	1.29
78	167	0.64
78	105	7.29
78	172	3.91
78	103	6.99
78	143	7.11
78	149	3.69
78	115	0.77
79	132	4.16
79	110	5.25
79	182	6.8
79	161	1.25
79	119	0.24
79	149	5.69
79	160	3.63
79	111	7.03
79	108	8.48
79	151	8.52
79	87	0.18
79	109	7.83
79	145	8.07
79	175	1.11
79	98	3.31
79	105	0.43
79	153	5.36
79	81	2.37
79	134	1.22
79	184	7.36
79	199	0.74
79	147	2.28
79	80	2.17
79	157	9.62
79	92	0.89
80	152	5.28
80	150	7.66
80	142	9.8
80	108	5.29
80	159	6.52
80	193	2.74
80	165	2.36
80	117	0.72
80	131	9.76
80	170	6.08
80	136	0.62
80	114	3.2
80	148	2.91
80	122	9.95
80	109	6.37
80	182	1.55
80	184	7.48
80	164	1.25
80	187	9.87
80	160	6.82
80	151	9.79
80	135	8.04
80	196	1.79
80	192	4.08
80	83	7.44
80	146	6.28
80	124	0.19
80	128	3.96
80	98	6.64
81	91	4.38
81	102	6.42
81	101	7.52
81	190	1.9
81	90	8.61
81	123	4.04
81	196	2.8
81	150	7.92
81	170	2.68
81	167	3.4
81	189	0.72
81	174	5.77
81	147	2.22
81	117	4.22
81	166	7.26
81	144	6.26
81	169	0.66
81	151	1.05
81	177	4.59
81	115	3.63
81	162	8.32
81	130	3.83
81	188	2.13
81	116	3.16
81	153	3.23
82	105	1.56
82	187	2.05
82	151	7.3
82	121	2.89
82	194	6.5
82	175	6.88
82	117	1.18
82	119	8.79
82	129	2.41
82	171	0.81
82	90	8.82
82	172	4.8
82	182	7.99
82	103	8.06
82	155	9.62
82	185	0.99
82	125	2.13
82	147	3.55
82	113	5.69
82	164	4.37
83	134	9.22
83	121	7.3
83	141	6.83
83	156	4.94
83	154	4.44
83	138	1.19
83	91	2.42
83	157	9.13
83	142	0.91
83	148	2.26
83	167	7.22
83	97	6.07
83	90	0.05
83	181	7.25
83	111	6.4
83	139	1.15
83	183	4.52
83	147	0.29
83	107	2.57
83	178	0.33
83	137	6.8
83	124	7.35
83	104	2.56
83	106	1.14
83	89	5.39
83	165	4.93
84	156	8.98
84	98	8.55
84	123	1.05
84	157	6.77
84	122	1.66
84	119	9.46
84	177	7.02
84	137	4.85
84	100	4.88
84	133	6.95
84	120	3.9
84	173	4.81
84	93	9.74
84	127	4.08
84	110	4.19
84	188	3.03
84	170	8.16
84	141	6.63
84	192	3.81
84	195	8.86
84	191	9.21
84	131	7.6
84	108	8.02
84	85	3.73
84	159	9.85
85	134	6.6
85	157	4.0
85	182	1.66
85	148	0.95
85	155	2.91
85	86	7.63
85	108	8.86
85	118	6.6
85	177	5.12
85	189	8.7
85	115	0.22
85	166	3.64
85	126	6.47
85	196	6.5
85	185	3.37
85	112	5.09
85	103	4.33
85	136	2.26
85	163	5.05
85	159	3.24
85	193	6.16
85	125	7.98
85	96	2.84
85	161	2.31
85	99	4.95
85	165	5.18
85	129	6.2
86	182	8.05
86	139	9.48
86	164	6.71
86	87	8.96
86	197	1.97
86	133	7.9
86	135	8.26
86	125	0.09
86	179	5.48
86	188	9.77
86	134	3.86
86	147	9.46
86	95	1.99
86	128	8.54
86	158	2.33
86	154	1.96
86	189	3.47
86	198	1.92
86	178	4.96
86	196	8.13
86	146	2.54
86	137	3.61
86	169	3.7
86	94	8.16
86	170	5.25
86	177	9.51
86	193	5.14
86	96	0.37
87	115	3.0
87	162	9.77
87	89	2.49
87	168	6.96
87	197	0.33
87	174	5.93
87	117	1.26
87	149	2.35
87	194	8.01
87	170	7.76
87	191	6.91
87	147	1.07
87	111	0.63
87	182	1.8
87	140	6.41
87	103	8.99
87	198	0.21
87	88	5.47
87	181	1.15
87	199	9.69
87	196	4.14
87	188	3.7
87	135	5.06
87	92	3.71
88	181	3.68
88	191	0.86
88	200	7.67
88	158	7.84
88	139	3.48
88	156	1.24
88	152	3.9
88	92	6.46
88	117	1.31
88	138	8.06
88	143	1.6
88	179	2.58
88	157	2.38
88	194	8.1
88	165	6.59
88	98	9.87
88	101	2.69
88	122	3.6
88	121	4.05
88	137	4.66
88	162	2.31
88	111	4.15
88	180	0.28
88	198	5.45
88	192	3.67
88	136	9.72
89	120	4.07
89	136	3.33
89	124	1.41
89	128	7.32
89	140	3.2
89	170	2.89
89	195	2.34
89	109	6.85
89	176	0.5
89	155	3.86
89	130	0.25
89	181	8.3
89	116	7.88
89	167	9.52
89	148	0.65
89	196	0.16
89	174	9.46
89	96	3.35
89	113	9.39
89	142	0.08
89	137	2.05
89	139	3.32
89	138	6.24
89	189	3.31
89	127	1.86
89	175	1.67
89	151	3.65
89	180	7.78
89	197	4.54
89	119	6.21
90	137	4.39
90	123	2.53
90	91	2.12
90	109	7.23
90	169	8.51
90	143	4.62
90	125	9.04
90	178	5.53
90	166	6.56
90	117	2.07
90	144	7.45
90	152	9.88
90	142	7.45
90	182	8.41
90	170	3.72
90	172	4.62
90	136	4.13
90	175	6.33
90	151	4.1
90	104	2.31
90	134	8.91
90	148	9.93
90	96	9.18
90	159	8.82
90	147	2.81
90	140	8.96
90	171	9.49
91	125	1.56
91	190	8.76
91	93	3.02
91	99	2.45
91	170	1.64
91	177	0.81
91	121	3.41
91	168	4.82
91	115	3.01
91	138	2.94
91	106	0.65
91	189	3.71
91	94	3.08
91	172	4.79
91	186	2.93
91	174	1.67
91	142	8.75
91	169	1.89
91	114	9.84
91	158	4.36
91	160	7.71
91	122	7.8
91	165	2.68
91	108	6.16
91	113	4.83
91	145	5.57
91	116	4.43
91	180	2.91
91	117	4.71
91	95	6.43
92	134	8.0
92	195	4.03
92	117	4.68
92	103	7.61
92	198	3.78
92	101	1.34
92	138	8.41
92	141	5.32
92	127	9.53
92	162	3.63
92	165	7.73
92	185	8.35
92	122	7.69
92	168	1.59
92	143	3.43
92	115	5.54
92	187	0.92
92	116	0.76
92	151	2.18
92	167	0.17
92	161	8.78
92	126	8.96
92	146	2.16
92	189	2.93
92	147	1.46
92	174	6.35
93	106	0.26
93	131	0.08
93	194	7.99
93	193	0.71
93	199	4.0
93	158	3.2
93	150	7.31
93	147	6.14
93	167	4.51
93	122	4.75
93	144	3.61
93	182	8.38
93	149	3.31
93	129	8.57
93	145	6.5
93	160	7.77
93	189	7.02
93	181	6.56
93	100	0.03
93	112	6.08
93	103	5.73
93	161	3.19
93	190	1.66
93	168	7.0
93	180	9.33
93	108	1.92
93	170	5.11
93	155	3.08
93	117	2.38
93	196	4.93
94	116	1.41
94	146	0.88
94	148	0.18
94	186	0.1
94	113	7.12
94	196	5.86
94	135	6.1
94	185	7.75
94	197	2.65
94	107	0.94
94	120	6.24
94	161	2.9
94	165	0.29
94	127	4.32
94	154	1.57
94	163	9.3
94	162	1.97
94	111	1.8
94	190	8.24
94	189	6.82
94	188	7.04
94	147	5.33
94	118	6.77
94	180	6.36
94	110	3.07
94	134	0.8
95	172	1.17
95	141	2.99
95	191	3.3
95	133	6.41
95	187	8.7
95	195	7.13
95	160	6.73
95	158	2.2
95	167	6.0
95	199	6.65
95	118	2.61
95	142	4.62
95	137	2.23
95	131	2.56
95	107	5.03
95	152	3.92
95	176	1.01
95	168	6.52
95	162	6.47
95	182	8.61
95	200	9.27
95	175	5.8
95	115	4.86
95	157	5.34
95	121	0.42
95	148	8.01
95	147	8.43
95	112	1.52
95	198	0.19
95	143	4.07
96	142	1.39
96	188	9.16
96	144	4.54
96	194	3.56
96	199	3.42
96	110	2.31
96	182	0.75
96	174	8.61
96	98	2.22
96	175	7.5
96	114	0.07
96	151	2.9
96	139	2.19
96	138	0.14
96	169	3.5
96	131	0.64
96	157	7.34
96	184	2.93
96	143	6.12
96	159	3.24
96	128	8.04
96	123	8.94
96	166	7.79
96	173	5.71
96	136	5.53
96	108	4.19
96	140	6.46
96	155	8.51
96	109	5.88
96	165	8.87
97	128	3.21
97	111	6.48
97	155	3.65
97	159	9.92
97	183	9.85
97	200	1.35
97	124	4.93
97	192	5.69
97	117	7.38
97	146	4.48
97	135	2.6
97	188	8.92
97	131	2.01
97	151	3.98
97	120	5.35
97	169	8.45
97	139	9.56
97	138	3.04
97	197	6.02
97	173	4.97
97	163	7.15
97	104	6.15
97	187	2.1
97	119	6.54
97	148	8.71
98	191	6.52
98	123	1.34
98	177	2.0
98	198	9.97
98	184	6.53
98	169	8.88
98	172	6.88
98	145	0.84
98	174	7.44
98	183	8.05
98	102	1.41
98	192	0.92
98	182	8.78
98	136	8.68
98	152	8.72
98	116	9.65
98	105	0.4
98	151	4.33
98	121	3.98
98	154	8.22
98	189	6.56
98	144	1.13
99	189	0.07
99	133	8.71
99	177	0.36
99	159	2.66
99	120	7.23
99	150	7.47
99	190	2.34
99	135	7.75
99	174	7.49
99	115	2.85
99	171	8.26
99	128	1.04
99	122	6.36
99	104	2.2
99	180	3.83
99	111	0.28
99	195	7.66
99	197	4.88
99	146	7.84
99	130	8.31
99	136	3.63
99	173	2.95
99	137	2.83
99	134	7.34
99	182	3.0
99	199	2.55
99	124	8.03
99	110	5.62
99	153	9.28
99	118	1.26
100	189	4.83
100	105	2.74
100	137	0.69
100	159	2.09
100	115	0.08
100	117	2.31
100	177	2.4
100	169	0.81
100	135	1.93
100	152	0.21
100	175	0.9
100	127	2.8
100	104	5.28
100	194	3.53
100	136	7.04
100	178	4.73
100	146	2.55
100	187	7.54
100	170	8.42
100	106	7.49
100	111	0.68
101	186	3.02
101	129	9.02
101	111	2.39
101	138	2.77
101	110	4.15
101	144	8.87
101	174	8.0
101	189	3.79
101	119	0.97
101	127	6.33
101	131	5.68
101	160	7.55
101	175	7.48
101	106	5.36
101	181	7.4
101	109	9.64
101	140	4.97
101	120	2.79
101	113	0.64
101	126	1.03
101	135	1.41
101	192	2.04
101	200	3.49
101	170	6.11
101	173	4.74
101	187	3.6
102	113	1.55
102	110	0.4
102	115	9.72
102	190	9.75
102	143	9.43
102	124	3.68
102	156	9.29
102	160	3.42
102	196	6.75
102	176	5.1
102	145	1.57
102	112	7.25
102	141	3.06
102	150	7.95
102	132	3.35
102	159	8.68
102	103	9.09
102	107	4.68
102	109	5.37
102	166	7.31
102	118	1.58
102	137	9.38
102	121	3.75
102	186	1.89
102	187	8.45
102	170	6.8
102	158	3.97
102	134	2.71
102	111	8.66
103	135	8.72
103	174	1.22
103	131	4.26
103	150	3.44
103	171	5.86
103	133	9.8
103	140	8.45
103	198	5.24
103	199	1.26
103	185	2.94
103	186	4.32
103	167	2.75
103	195	1.06
103	188	3.66
103	115	2.88
103	112	8.99
103	128	1.28
103	155	9.83
103	187	2.72
103	126	9.5
103	122	6.04
103	141	4.19
103	124	1.68
103	125	6.59
104	113	5.05
104	153	5.81
104	125	0.75
104	128	9.66
104	126	4.85
104	151	4.09
104	183	8.27
104	190	2.77
104	162	7.5
104	170	1.81
104	136	8.16
104	145	0.32
104	139	6.72
104	199	8.12
104	168	0.79
104	143	6.85
104	146	2.19
104	169	3.33
104	133	8.88
104	196	4.17
104	129	4.8
104	181	7.58
104	121	9.66
105	195	5.91
105	123	2.55
105	197	1.98
105	128	0.06
105	115	3.68
105	132	3.8
105	180	4.91
105	110	6.68
105	129	3.6
105	194	5.16
105	148	0.04
105	158	4.8
105	149	3.67
105	142	0.86
105	177	0.55
105	189	5.0
105	171	5.8
105	125	9.84
105	173	3.71
105	196	8.68
105	146	3.48
105	165	8.34
105	193	9.57
105	106	6.07
105	153	6.46
105	167	8.6
105	162	2.33
105	113	6.18
105	147	7.2
105	185	5.42
106	178	1.45
106	196	6.84
106	129	4.12
106	127	9.62
106	141	4.86
106	133	1.21
106	108	8.95
106	153	6.16
106	138	8.88
106	113	9.88
106	121	4.02
106	163	6.36
106	182	6.63
106	149	4.9
106	143	2.53
106	200	0.23
106	183	2.67
106	188	3.41
106	117	4.29
106	185	1.19
106	124	4.59
106	197	3.28
106	107	5.99
106	156	8.58
106	154	6.02
106	135	4.89
107	116	5.32
107	117	6.1
107	174	5.38
107	142	0.57
107	157	2.26
107	115	1.33
107	122	3.65
107	144	3.56
107	148	4.32
107	175	9.63
107	161	4.81
107	133	7.42
107	186	4.46
107	130	0.08
107	146	0.46
107	178	5.85
107	182	3.16
107	189	0.2
107	193	4.82
107	151	8.8
107	150	1.05
107	171	4.24
107	149	1.06
107	197	7.21
107	110	3.02
107	155	6.98
108	191	0.27
108	199	1.61
108	157	2.58
108	110	4.41
108	176	9.86
108	144	4.74
108	132	5.23
108	148	9.12
108	143	6.65
108	137	4.67
108	160	9.22
108	197	9.27
108	150	0.88
108	153	6.46
108	123	7.02
108	145	0.43
108	172	1.49
108	141	1.12
108	186	7.5
108	198	0.41
108	156	0.34
108	118	2.38
108	125	9.43
108	195	8.03
108	115	4.22
108	113	1.22
108	192	0.73
108	135	8.22
108	140	8.58
109	146	7.06
109	152	5.25
109	147	1.03
109	151	3.38
109	150	3.01
109	162	0.27
109	114	9.83
109	136	2.7
109	158	2.82
109	175	5.1
109	144	1.22
109	131	3.61
109	196	5.19
109	159	9.6
109	122	6.11
109	145	8.37
109	174	7.32
109	157	5.29
109	194	7.58
109	191	4.88
109	130	5.54
109	129	0.52
109	199	9.73
109	155	9.63
109	188	2.88
110	174	7.43
110	194	0.42
110	170	5.28
110	115	7.32
110	137	8.44
110	130	2.69
110	179	5.09
110	139	1.54
110	169	3.51
110	120	3.7
110	142	4.65
110	154	2.99
110	111	0.82
110	127	0.35
110	146	6.8
110	150	1.55
110	143	2.57
110	135	4.54
110	177	3.1
110	178	0.82
110	200	9.28
110	113	2.93
110	117	2.0
110	119	2.61
110	118	6.84
110	158	5.1
111	136	5.52
111	163	6.0
111	190	6.24
111	149	3.94
111	155	0.37
111	195	4.92
111	185	3.82
111	159	8.07
111	138	7.32
111	175	7.25
111	145	6.51
111	188	3.81
111	160	4.35
111	113	5.56
111	177	9.18
111	154	1.33
111	191	8.07
111	115	7.88
111	156	2.34
111	131	4.06
111	137	7.74
111	140	5.48
111	117	1.47
112	192	9.71
112	200	1.64
112	130	7.06
112	126	8.82
112	159	8.99
112	189	4.31
112	153	7.85
112	169	5.26
112	149	5.64
112	129	5.74
112	132	4.25
112	137	9.81
112	186	2.0
112	131	8.58
112	145	8.59
112	175	6.45
112	179	9.94
112	198	4.79
112	187	5.58
112	168	7.27
112	118	6.06
112	185	5.02
112	161	0.23
112	199	2.53
112	115	0.51
112	188	5.18
112	152	1.05
112	178	7.82
113	150	6.13
113	126	5.85
113	193	7.53
113	114	7.08
113	185	2.1
113	180	0.95
113	154	3.22
113	139	5.78
113	138	9.48
113	115	3.15
113	119	0.78
113	161	7.98
113	195	4.45
113	144	0.8
113	158	5.06
113	189	5.98
113	162	9.78
113	129	9.89
113	141	0.44
113	142	0.65
113	151	1.46
113	135	5.33
114	140	8.58
114	141	6.68
114	146	0.45
114	161	4.17
114	195	5.8
114	143	6.13
114	198	4.36
114	129	9.08
114	130	0.85
114	176	1.51
114	183	1.94
114	182	3.7
114	185	6.43
114	190	2.78
114	186	3.38
114	184	1.31
114	155	4.67
114	196	2.97
114	123	1.92
114	197	2.63
114	165	4.92
114	168	9.37
114	159	9.45
115	116	3.78
115	123	8.27
115	143	3.96
115	191	1.85
115	155	6.25
115	190	5.96
115	151	2.55
115	145	8.93
115	162	4.31
115	182	9.32
115	175	1.4
115	172	5.85
115	146	1.26
115	126	1.6
115	185	1.65
115	131	6.27
115	144	5.85
115	136	6.31
115	130	3.61
115	165	7.32
115	140	4.19
115	133	7.23
115	194	7.37
115	168	3.63
115	183	3.7
116	194	2.27
116	155	8.11
116	128	7.87
116	150	8.72
116	182	3.52
116	168	1.75
116	161	4.05
116	157	7.45
116	172	6.99
116	144	5.83
116	117	5.81
116	142	5.2
116	139	6.31
116	133	7.09
116	118	9.24
116	186	1.63
116	169	6.19
116	162	2.34
116	190	1.82
116	148	7.84
116	137	8.19
116	189	3.13
116	125	2.31
116	185	4.36
116	154	2.1
117	153	8.74
117	121	1.93
117	119	3.7
117	122	1.81
117	167	2.89
117	190	6.26
117	162	3.5
117	138	8.12
117	152	7.34
117	151	3.07
117	124	0.82
117	199	5.74
117	147	7.03
117	126	5.96
117	158	4.29
117	150	0.26
117	191	7.34
117	127	2.76
117	177	8.54
117	170	1.63
118	166	5.12
118	190	4.88
118	133	7.9
118	145	3.48
118	126	6.73
118	178	5.73
118	144	4.67
118	141	2.64
118	148	1.07
118	169	6.02
118	163	3.5
118	195	4.41
118	124	0.89
118	179	8.17
118	123	2.72
118	128	5.98
118	164	5.47
118	185	3.36
118	136	5.01
118	122	0.79
118	143	5.24
118	158	1.82
118	194	7.23
118	137	6.14
118	119	2.19
118	160	8.36
118	156	8.26
118	131	8.82
118	176	3.07
119	130	7.31
119	161	6.85
119	169	3.65
119	146	8.26
119	129	7.51
119	133	5.09
119	191	6.17
119	167	6.68
119	120	1.05
119	199	2.81
119	150	1.33
119	180	7.61
119	125	6.57
119	123	4.9
119	145	2.46
119	182	0.04
119	184	8.38
119	152	9.38
119	181	3.3
119	196	3.1
119	198	3.76
119	127	3.67
119	170	1.88
119	149	1.69
119	158	4.78
119	175	4.13
119	192	8.12
120	125	4.72
120	187	9.96
120	189	9.68
120	162	0.47
120	200	9.09
120	138	0.93
120	126	9.51
120	134	8.66
120	122	0.37
120	132	5.05
120	157	7.32
120	143	6.17
120	165	4.02
120	124	8.05
120	121	9.1
120	146	3.91
120	195	9.65
120	199	3.46
120	186	7.3
120	139	1.37
120	188	4.7
120	194	1.48
120	123	4.92
120	169	2.25
120	130	2.0
120	182	5.02
120	148	6.19
120	190	5.39
120	193	4.91
120	135	7.29
121	159	5.21
121	148	1.36
121	139	1.54
121	173	8.04
121	123	8.35
121	163	5.61
121	177	4.31
121	133	7.99
121	170	1.77
121	149	4.94
121	195	8.24
121	157	2.82
121	130	7.39
121	155	9.58
121	175	0.24
121	141	8.64
121	165	1.06
121	125	6.2
121	154	9.36
121	138	0.12
121	156	4.43
121	192	8.55
121	131	0.75
121	145	1.53
121	143	0.33
121	197	0.29
121	160	9.02
121	140	3.95
121	142	7.97
121	151	7.88
122	137	5.02
122	123	4.84
122	124	9.56
122	151	7.51
122	185	5.23
122	198	9.67
122	132	1.87
122	159	4.62
122	145	5.65
122	171	3.95
122	178	5.3
122	161	4.49
122	127	9.38
122	195	0.6
122	165	8.88
122	176	8.18
122	156	1.74
122	181	4.03
122	140	5.04
122	163	1.78
122	141	0.08
122	128	1.12
122	182	8.82
122	135	7.76
122	175	0.04
122	160	3.9
122	200	5.15
122	179	9.52
122	177	8.99
122	154	7.33
123	169	8.06
123	146	7.37
123	184	5.96
123	200	7.49
123	132	1.06
123	194	5.57
123	128	5.01
123	150	6.64
123	188	5.05
123	178	8.6
123	125	4.83
123	163	1.13
123	157	6.4
123	170	6.46
123	168	7.6
123	133	9.0
123	187	1.88
123	153	1.84
123	143	6.39
123	142	1.75
123	161	7.73
124	146	3.93
124	191	0.32
124	131	3.71
124	164	7.45
124	148	5.81
124	180	1.7
124	183	7.76
124	157	7.1
124	165	8.01
124	125	3.07
124	133	3.01
124	144	1.7
124	134	0.39
124	141	3.96
124	177	9.03
124	181	0.96
124	190	6.54
124	160	3.31
124	163	9.79
124	147	8.12
124	132	3.73
125	158	4.63
125	165	6.69
125	195	6.09
125	188	6.76
125	153	9.78
125	145	8.03
125	141	4.0
125	168	5.18
125	135	9.27
125	184	1.03
125	128	9.84
125	193	1.68
125	186	6.48
125	142	2.81
125	127	5.02
125	136	3.96
125	196	0.49
125	144	3.54
125	150	1.53
125	163	1.32
125	130	0.95
125	139	4.01
125	180	5.82
125	191	3.52
125	174	2.47
126	139	8.13
126	183	7.52
126	140	1.66
126	199	3.36
126	129	8.75
126	192	0.82
126	142	8.32
126	135	8.13
126	127	0.9
126	173	1.77
126	168	3.54
126	191	9.56
126	182	1.99
126	197	9.13
126	185	7.73
126	154	7.88
126	141	4.35
126	159	9.41
126	177	8.91
126	130	0.67
126	184	5.85
127	166	9.87
127	134	0.12
127	135	2.8
127	199	1.63
127	169	9.6
127	128	5.06
127	179	0.77
127	129	4.93
127	152	5.12
127	138	8.34
127	153	8.3
127	195	0.15
127	192	0.64
127	173	7.81
127	155	8.66
127	156	6.42
127	178	8.19
127	171	3.59
127	154	8.61
127	191	1.04
127	176	2.96
127	174	5.81
127	200	9.91
127	141	2.46
127	133	3.25
127	151	7.14
127	196	1.63
128	144	2.94
128	184	4.33
128	157	3.24
128	193	3.28
128	156	5.57
128	152	2.6
128	143	8.53
128	134	2.03
128	179	4.77
128	160	5.06
128	163	7.52
128	168	3.97
128	129	8.59
128	172	0.06
128	191	4.53
128	162	9.53
128	149	1.05
128	142	1.23
128	190	4.96
128	155	6.88
128	133	8.62
128	187	4.0
128	186	0.74
128	161	2.75
128	170	1.85
129	194	9.47
129	155	0.43
129	188	6.12
129	150	9.8
129	139	1.75
129	147	3.26
129	142	6.03
129	182	2.27
129	177	2.0
129	149	3.95
129	186	6.01
129	143	4.19
129	184	1.71
129	159	6.84
129	185	3.8
129	157	1.12
129	190	7.61
129	199	3.33
129	189	4.75
129	137	9.45
129	200	8.17
129	156	1.55
129	191	9.14
129	175	2.84
129	153	1.57
129	151	9.69
129	197	8.02
129	145	7.49
129	161	8.5
130	180	6.42
130	146	0.3
130	159	3.97
130	162	8.78
130	132	7.4
130	176	7.04
130	189	2.08
130	181	6.53
130	174	6.51
130	198	7.82
130	145	5.42
130	183	3.12
130	138	3.27
130	151	9.42
130	136	2.61
130	178	7.99
130	170	0.09
130	139	9.86
130	142	2.13
130	199	1.25
130	137	8.57
130	149	2.08
130	195	4.66
130	171	0.66
130	148	7.46
130	169	2.24
130	147	2.38
130	134	8.35
131	198	4.19
131	174	7.05
131	166	9.32
131	168	2.6
131	148	2.27
131	196	5.92
131	167	6.83
131	190	5.78
131	191	5.4
131	183	8.83
131	187	9.53
131	180	1.61
131	134	4.11
131	169	4.33
131	135	5.62
131	138	7.01
131	162	7.95
131	164	6.65
131	170	6.59
131	172	3.24
131	132	6.97
131	159	3.77
131	154	1.17
131	192	0.96
131	146	0.84
131	195	0.33
132	171	2.61
132	187	8.26
132	168	8.41
132	181	4.26
132	177	8.59
132	190	3.17
132	136	6.42
132	150	6.68
132	179	3.58
132	195	1.44
132	197	5.53
132	140	0.69
132	172	3.83
132	156	7.77
132	162	7.16
132	175	9.63
132	170	8.91
132	163	5.12
132	143	1.53
132	144	5.4
132	139	7.53
132	160	3.23
132	149	9.44
132	173	9.92
133	174	3.15
133	176	3.32
133	175	3.7
133	155	4.66
133	194	5.91
133	139	0.93
133	159	5.24
133	136	1.64
133	198	7.55
133	141	8.96
133	168	8.74
133	138	9.76
133	199	6.6
133	147	4.53
133	182	7.35
133	135	8.25
133	160	1.73
133	158	6.33
133	193	1.24
133	162	5.95
133	144	7.69
133	173	0.16
133	140	5.35
133	157	2.04
133	150	5.21
133	148	9.93
133	181	1.58
133	163	8.55
133	188	9.28
133	183	9.52
134	189	5.32
134	196	8.18
134	185	6.2
134	144	1.44
134	140	6.89
134	200	2.1
134	142	5.42
134	135	8.65
134	187	8.78
134	166	6.32
134	170	4.94
134	178	6.87
134	174	1.41
134	168	3.65
134	139	7.16
134	137	4.95
134	151	9.08
134	141	6.39
134	155	2.14
134	175	2.5
134	169	9.39
134	152	3.75
134	186	5.11
135	158	3.9
135	165	7.68
135	195	6.81
135	198	8.77
135	187	3.27
135	193	5.77
135	197	2.93
135	186	3.23
135	138	7.03
135	152	7.18
135	191	1.63
135	181	9.63
135	161	2.29
135	154	2.97
135	140	7.05
135	192	0.51
135	159	1.78
135	155	7.2
135	172	7.07
135	185	2.24
135	147	1.76
135	170	0.26
135	168	7.66
135	179	0.63
135	148	0.51
135	141	6.88
135	180	8.17
135	194	0.27
135	136	8.32
135	188	7.48
136	148	8.88
136	147	1.0
136	180	9.33
136	177	6.03
136	182	6.12
136	137	7.36
136	163	9.98
136	199	2.44
136	144	3.75
136	185	0.78
136	190	1.23
136	174	1.23
136	195	3.39
136	192	5.39
136	178	6.21
136	161	1.31
136	179	8.51
136	172	0.01
136	164	9.91
136	176	8.03
136	157	9.05
136	183	8.67
136	181	3.58
136	150	2.32
136	170	2.24
136	160	2.79
137	155	9.07
137	192	4.27
137	138	3.71
137	189	9.38
137	194	2.62
137	175	9.95
137	173	9.76
137	169	8.43
137	162	8.81
137	144	8.83
137	165	8.78
137	143	2.0
137	158	2.13
137	178	0.78
137	166	1.1
137	160	3.27
137	184	7.43
137	180	0.96
137	147	7.39
137	198	1.66
137	150	8.1
137	139	1.59
137	185	8.06
137	197	3.13
137	183	2.61
137	188	6.75
137	195	2.74
137	140	6.05
137	186	7.2
137	152	1.58
138	198	1.2
138	173	6.94
138	151	9.18
138	157	7.56
138	166	0.44
138	194	5.92
138	177	3.93
138	169	2.05
138	192	0.94
138	167	5.76
138	170	0.95
138	190	6.67
138	193	0.07
138	152	1.48
138	182	1.82
138	162	2.22
138	149	7.96
138	156	5.67
138	148	8.19
138	144	3.23
138	159	6.43
138	143	0.72
138	175	2.79
138	161	3.9
138	196	8.55
138	140	8.93
138	154	7.34
138	158	8.7
138	153	6.07
138	191	8.02
139	187	4.58
139	156	4.32
139	186	4.1
139	191	1.38
139	141	4.23
139	181	8.88
139	148	8.96
139	182	3.68
139	179	1.82
139	157	6.25
139	169	1.66
139	170	0.74
139	192	0.29
139	198	3.4
139	149	9.12
139	189	6.64
139	175	8.61
139	147	8.99
139	176	8.89
139	178	1.87
139	159	1.83
139	140	6.83
139	185	6.53
140	186	0.32
140	144	3.98
140	189	4.74
140	167	6.43
140	141	9.99
140	152	7.68
140	161	9.43
140	159	9.21
140	153	6.4
140	183	8.57
140	188	2.9
140	158	0.59
140	200	3.95
140	146	2.32
140	182	6.88
140	142	4.91
140	171	8.27
140	179	2.15
140	194	7.08
140	175	6.74
140	187	4.89
140	181	3.08
140	156	3.2
140	165	5.48
141	152	9.26
141	190	5.18
141	185	6.23
141	177	4.63
141	184	8.04
141	145	9.29
141	200	1.8
141	150	6.79
141	186	7.2
141	142	4.07
141	162	4.44
141	179	0.82
141	164	7.28
141	165	1.93
141	149	6.14
141	159	5.97
141	194	4.3
141	187	8.43
141	178	8.67
141	155	5.26
141	196	5.37
141	171	2.86
141	161	2.9
142	160	2.3
142	196	3.05
142	186	9.54
142	177	7.69
142	182	0.91
142	157	8.52
142	152	9.68
142	174	6.09
142	178	4.82
142	193	7.79
142	148	4.78
142	155	1.58
142	147	1.73
142	183	3.88
142	171	0.8
142	176	0.82
142	150	1.85
142	168	9.96
142	172	3.17
142	159	5.56
142	190	8.51
142	163	3.31
142	197	4.85
142	199	1.42
142	184	3.73
142	175	1.39
142	192	7.7
142	166	1.81
142	154	0.74
142	181	3.92
143	198	7.96
143	186	6.75
143	146	8.26
143	178	7.46
143	180	2.54
143	154	9.39
143	164	3.76
143	167	3.89
143	200	3.96
143	149	7.32
143	181	5.09
143	160	9.32
143	197	0.03
143	170	2.66
143	165	5.92
143	174	4.56
143	176	2.17
143	163	1.17
143	190	7.56
143	188	8.46
143	183	0.92
143	152	3.73
144	148	4.03
144	182	4.14
144	156	4.77
144	196	5.61
144	179	6.88
144	172	2.23
144	154	2.46
144	146	3.57
144	176	0.24
144	174	4.64
144	149	2.31
144	150	1.79
144	192	3.06
144	178	7.31
144	200	7.01
144	199	5.61
144	193	2.53
144	153	2.36
144	161	6.85
144	166	2.29
144	183	1.26
144	152	2.02
144	186	5.53
144	169	0.1
144	198	6.11
144	167	1.27
144	168	1.4
144	163	0.25
144	195	3.43
144	197	4.21
145	193	9.19
145	154	5.14
145	157	4.92
145	172	8.37
145	180	3.68
145	176	7.14
145	156	2.29
145	164	7.34
145	158	5.51
145	160	2.64
145	191	1.85
145	200	8.26
145	165	9.5
145	147	8.43
145	168	3.62
145	190	0.25
145	195	0.35
145	159	5.39
145	186	5.74
145	178	3.68
145	185	1.79
145	152	4.53
145	183	6.86
145	151	9.8
145	184	0.06
145	166	4.83
145	163	1.14
145	188	2.97
146	197	6.36
146	161	0.54
146	193	9.87
146	164	0.72
146	159	2.51
146	147	0.34
146	195	2.91
146	185	0.5
146	156	2.15
146	167	6.06
146	173	8.03
146	175	0.61
146	199	1.4
146	153	4.62
146	177	3.24
146	189	8.93
146	188	3.21
146	168	3.58
146	186	7.05
146	152	7.3
146	176	4.45
146	157	4.81
147	194	1.07
147	187	6.63
147	200	9.72
147	162	7.95
147	151	5.84
147	159	7.46
147	157	6.91
147	156	4.91
147	186	5.72
147	175	2.77
147	160	0.4
147	165	2.57
147	153	8.03
147	169	9.92
147	158	9.2
147	163	1.94
147	150	2.16
147	180	9.95
147	170	6.8
147	199	8.66
147	181	1.44
147	195	9.72
147	154	0.19
147	166	8.6
147	168	0.14
147	197	1.81
147	149	5.95
147	155	1.58
148	159	1.44
148	153	9.06
148	182	2.97
148	199	7.37
148	175	7.38
148	169	9.4
148	162	8.8
148	183	5.14
148	161	6.22
148	167	7.65
148	177	9.56
148	179	9.46
148	174	4.72
148	184	6.72
148	173	7.76
148	150	1.18
148	178	3.98
148	168	4.36
148	193	1.01
148	154	0.72
148	157	3.44
148	186	8.25
148	187	0.43
148	198	2.12
148	164	8.54
148	200	6.19
148	176	0.46
148	180	6.7
149	173	3.53
149	152	7.92
149	153	4.74
149	184	9.88
149	189	0.06
149	167	5.57
149	157	0.92
149	158	1.35
149	156	3.48
149	170	3.9
149	181	6.45
149	163	2.81
149	151	3.21
149	165	7.11
149	187	4.51
149	185	4.29
149	154	4.32
149	162	6.76
149	155	3.11
149	178	8.67
149	161	9.11
149	172	3.29
150	192	9.09
150	160	7.04
150	157	3.05
150	168	5.44
150	154	4.79
150	162	8.46
150	170	7.94
150	185	1.27
150	200	5.84
150	196	1.29
150	195	0.9
150	188	6.39
150	156	0.01
150	186	0.64
150	155	4.78
150	178	5.88
150	184	8.49
150	181	4.35
150	183	6.29
150	152	5.5
150	191	5.47
150	158	0.66
150	167	7.99
150	190	2.41
150	189	8.43
151	158	8.49
151	160	0.74
151	169	9.56
151	171	2.65
151	155	3.33
151	180	0.08
151	163	1.99
151	164	9.42
151	186	8.21
151	197	8.55
151	181	3.22
151	172	8.26
151	174	9.43
151	154	5.38
151	194	2.5
151	165	7.85
151	198	1.33
151	189	5.78
151	157	2.31
151	173	3.39
151	190	2.07
151	159	9.88
151	183	1.23
151	152	3.49
151	166	8.38
151	199	1.61